Date,Unemployment,Unemployment Difference,unemployment_difference
2010-01-01,9.8,,
2010-02-01,9.8,0.0,0.0
2010-03-01,9.9,0.09999999999999964,0.09999999999999964
2010-04-01,9.9,0.0,0.0
2010-05-01,9.6,-0.3000000000000007,-0.3000000000000007
2010-06-01,9.4,-0.1999999999999993,-0.1999999999999993
2010-07-01,9.4,0.0,0.0
2010-08-01,9.5,0.09999999999999964,0.09999999999999964
2010-09-01,9.5,0.0,0.0
2010-10-01,9.4,-0.09999999999999964,-0.09999999999999964
2010-11-01,9.8,0.40000000000000036,0.40000000000000036
2010-12-01,9.3,-0.5,-0.5
2011-01-01,9.1,-0.20000000000000107,-0.20000000000000107
2011-02-01,9.0,-0.09999999999999964,-0.09999999999999964
2011-03-01,9.0,0.0,0.0
2011-04-01,9.1,0.09999999999999964,0.09999999999999964
2011-05-01,9.0,-0.09999999999999964,-0.09999999999999964
2011-06-01,9.1,0.09999999999999964,0.09999999999999964
2011-07-01,9.0,-0.09999999999999964,-0.09999999999999964
2011-08-01,9.0,0.0,0.0
2011-09-01,9.0,0.0,0.0
2011-10-01,8.8,-0.1999999999999993,-0.1999999999999993
2011-11-01,8.6,-0.20000000000000107,-0.20000000000000107
2011-12-01,8.5,-0.09999999999999964,-0.09999999999999964
2012-01-01,8.3,-0.1999999999999993,-0.1999999999999993
2012-02-01,8.3,0.0,0.0
2012-03-01,8.2,-0.10000000000000142,-0.10000000000000142
2012-04-01,8.2,0.0,0.0
2012-05-01,8.2,0.0,0.0
2012-06-01,8.2,0.0,0.0
2012-07-01,8.2,0.0,0.0
2012-08-01,8.1,-0.09999999999999964,-0.09999999999999964
2012-09-01,7.8,-0.2999999999999998,-0.2999999999999998
2012-10-01,7.8,0.0,0.0
2012-11-01,7.7,-0.09999999999999964,-0.09999999999999964
2012-12-01,7.9,0.20000000000000018,0.20000000000000018
2013-01-01,8.0,0.09999999999999964,0.09999999999999964
2013-02-01,7.7,-0.2999999999999998,-0.2999999999999998
2013-03-01,7.5,-0.20000000000000018,-0.20000000000000018
2013-04-01,7.6,0.09999999999999964,0.09999999999999964
2013-05-01,7.5,-0.09999999999999964,-0.09999999999999964
2013-06-01,7.5,0.0,0.0
2013-07-01,7.3,-0.20000000000000018,-0.20000000000000018
2013-08-01,7.2,-0.09999999999999964,-0.09999999999999964
2013-09-01,7.2,0.0,0.0
2013-10-01,7.2,0.0,0.0
2013-11-01,6.9,-0.2999999999999998,-0.2999999999999998
2013-12-01,6.7,-0.20000000000000018,-0.20000000000000018
2014-01-01,6.6,-0.10000000000000053,-0.10000000000000053
2014-02-01,6.7,0.10000000000000053,0.10000000000000053
2014-03-01,6.7,0.0,0.0
2014-04-01,6.2,-0.5,-0.5
2014-05-01,6.3,0.09999999999999964,0.09999999999999964
2014-06-01,6.1,-0.20000000000000018,-0.20000000000000018
2014-07-01,6.2,0.10000000000000053,0.10000000000000053
2014-08-01,6.1,-0.10000000000000053,-0.10000000000000053
2014-09-01,5.9,-0.1999999999999993,-0.1999999999999993
2014-10-01,5.7,-0.20000000000000018,-0.20000000000000018
2014-11-01,5.8,0.09999999999999964,0.09999999999999964
2014-12-01,5.6,-0.20000000000000018,-0.20000000000000018
2015-01-01,5.7,0.10000000000000053,0.10000000000000053
2015-02-01,5.5,-0.20000000000000018,-0.20000000000000018
2015-03-01,5.4,-0.09999999999999964,-0.09999999999999964
2015-04-01,5.4,0.0,0.0
2015-05-01,5.6,0.1999999999999993,0.1999999999999993
2015-06-01,5.3,-0.2999999999999998,-0.2999999999999998
2015-07-01,5.2,-0.09999999999999964,-0.09999999999999964
2015-08-01,5.1,-0.10000000000000053,-0.10000000000000053
2015-09-01,5.0,-0.09999999999999964,-0.09999999999999964
2015-10-01,5.0,0.0,0.0
2015-11-01,5.1,0.09999999999999964,0.09999999999999964
2015-12-01,5.0,-0.09999999999999964,-0.09999999999999964
2016-01-01,4.9,-0.09999999999999964,-0.09999999999999964
2016-02-01,4.9,0.0,0.0
2016-03-01,5.0,0.09999999999999964,0.09999999999999964
2016-04-01,5.0,0.0,0.0
2016-05-01,4.8,-0.20000000000000018,-0.20000000000000018
2016-06-01,4.9,0.10000000000000053,0.10000000000000053
2016-07-01,4.8,-0.10000000000000053,-0.10000000000000053
2016-08-01,4.9,0.10000000000000053,0.10000000000000053
2016-09-01,5.0,0.09999999999999964,0.09999999999999964
2016-10-01,4.9,-0.09999999999999964,-0.09999999999999964
2016-11-01,4.7,-0.20000000000000018,-0.20000000000000018
2016-12-01,4.7,0.0,0.0
2017-01-01,4.7,0.0,0.0
2017-02-01,4.6,-0.10000000000000053,-0.10000000000000053
2017-03-01,4.4,-0.1999999999999993,-0.1999999999999993
2017-04-01,4.4,0.0,0.0
2017-05-01,4.4,0.0,0.0
2017-06-01,4.3,-0.10000000000000053,-0.10000000000000053
2017-07-01,4.3,0.0,0.0
2017-08-01,4.4,0.10000000000000053,0.10000000000000053
2017-09-01,4.2,-0.20000000000000018,-0.20000000000000018
2017-10-01,4.1,-0.10000000000000053,-0.10000000000000053
2017-11-01,4.2,0.10000000000000053,0.10000000000000053
2017-12-01,4.1,-0.10000000000000053,-0.10000000000000053
2018-01-01,4.1,0.0,0.0
2018-02-01,4.1,0.0,0.0
2018-03-01,4.0,-0.09999999999999964,-0.09999999999999964
2018-04-01,4.0,0.0,0.0
2018-05-01,3.8,-0.20000000000000018,-0.20000000000000018
2018-06-01,4.0,0.20000000000000018,0.20000000000000018
2018-07-01,3.8,-0.20000000000000018,-0.20000000000000018
2018-08-01,3.8,0.0,0.0
2018-09-01,3.7,-0.09999999999999964,-0.09999999999999964
2018-10-01,3.8,0.09999999999999964,0.09999999999999964
2018-11-01,3.7,-0.09999999999999964,-0.09999999999999964
2018-12-01,3.9,0.19999999999999973,0.19999999999999973
2019-01-01,4.0,0.10000000000000009,0.10000000000000009
2019-02-01,3.8,-0.20000000000000018,-0.20000000000000018
2019-03-01,3.8,0.0,0.0
2019-04-01,3.6,-0.19999999999999973,-0.19999999999999973
2019-05-01,3.6,0.0,0.0
2019-06-01,3.7,0.10000000000000009,0.10000000000000009
2019-07-01,3.7,0.0,0.0
2019-08-01,3.7,0.0,0.0
2019-09-01,3.5,-0.20000000000000018,-0.20000000000000018
2019-10-01,3.6,0.10000000000000009,0.10000000000000009
2019-11-01,3.5,-0.10000000000000009,-0.10000000000000009
2019-12-01,3.5,0.0,0.0
2020-01-01,3.6,0.10000000000000009,0.10000000000000009
2020-02-01,3.5,-0.10000000000000009,-0.10000000000000009
2020-03-01,4.4,0.9000000000000004,0.9000000000000004
2020-04-01,14.7,10.299999999999999,10.299999999999999
2020-05-01,,,
2020-06-01,,,
2020-07-01,,,
2020-08-01,,,
2020-09-01,,,
2020-10-01,,,
2020-11-01,,,
2020-12-01,,,
